3 0.721714 0.355918 0.083429 0.087479
3 0.557143 0.388508 0.053714 0.094340
0 0.136000 0.409091 0.052571 0.039451
0 0.228000 0.496569 0.040000 0.042882
0 0.552000 0.409949 0.036571 0.030875
1 0.094857 0.661235 0.086857 0.060034
2 0.120000 0.599485 0.134857 0.605489
2 0.224571 0.670669 0.152000 0.572899
2 0.373714 0.635506 0.098286 0.526587
2 0.452000 0.614923 0.133714 0.574614
2 0.532571 0.614065 0.082286 0.473413
2 0.568571 0.540309 0.124571 0.504288
2 0.694286 0.620926 0.122286 0.617496
2 0.837714 0.595197 0.114286 0.607204
2 0.914286 0.597770 0.112000 0.564322