3 0.595000 0.360310 0.097500 0.192905
3 0.800625 0.257206 0.056250 0.133038
0 0.093750 0.482262 0.130000 0.152993
0 0.588750 0.378049 0.087500 0.086475
0 0.799375 0.287140 0.048750 0.059867
0 0.708125 0.328160 0.038750 0.057650
3 0.083125 0.398004 0.131250 0.086475
3 0.403125 0.391353 0.111250 0.077605
3 0.486875 0.310421 0.088750 0.084257
3 0.586250 0.334812 0.092500 0.088692
3 0.705625 0.296009 0.061250 0.037694
1 0.268125 0.843681 0.153750 0.197339
1 0.380000 0.467849 0.102500 0.119734
1 0.553750 0.655211 0.102500 0.157428
1 0.725000 0.468958 0.057500 0.068736
1 0.805625 0.470067 0.066250 0.097561
1 0.871250 0.389135 0.047500 0.082040
2 0.138125 0.590909 0.253750 0.773836
2 0.398750 0.487805 0.202500 0.580931
2 0.466250 0.410200 0.117500 0.381375
2 0.593125 0.388027 0.128750 0.501109
2 0.648750 0.318182 0.105000 0.325942
2 0.705625 0.345898 0.071250 0.266075
2 0.748750 0.294900 0.060000 0.230599
2 0.809375 0.327051 0.068750 0.268293
2 0.832500 0.278271 0.052500 0.170732
2 0.936875 0.416851 0.123750 0.439024