3 0.417500 0.412195 0.061667 0.146341
3 0.645833 0.391463 0.075000 0.129268
3 0.091667 0.396341 0.063333 0.109756
0 0.080000 0.412195 0.046667 0.053659
0 0.652500 0.420732 0.058333 0.065854
0 0.955000 0.393902 0.056667 0.046341
1 0.044167 0.640244 0.038333 0.129268
1 0.130000 0.647561 0.080000 0.046341
1 0.276667 0.750000 0.076667 0.075610
1 0.373333 0.646341 0.070000 0.131707
1 0.453333 0.643902 0.063333 0.107317
1 0.588333 0.618293 0.053333 0.163415
1 0.705833 0.531707 0.055000 0.078049
1 0.865833 0.428049 0.058333 0.085366
2 0.099167 0.597561 0.198333 0.624390
2 0.252500 0.703659 0.231667 0.451220
2 0.399167 0.596341 0.165000 0.607317
2 0.668333 0.587805 0.216667 0.634146
2 0.875833 0.607317 0.248333 0.614634