0 0.140937 0.258333 0.123125 0.112222
0 0.332813 0.245000 0.091875 0.083333
0 0.493437 0.242222 0.081875 0.128889
0 0.596250 0.222778 0.061250 0.110000
0 0.758750 0.305556 0.077500 0.075556
1 0.051875 0.780556 0.096250 0.138889
1 0.198125 0.757222 0.087500 0.150000
1 0.403750 0.748889 0.128750 0.180000
1 0.512188 0.678333 0.091875 0.156667
1 0.610938 0.705556 0.076875 0.120000
1 0.650625 0.745000 0.061250 0.156667
1 0.799375 0.841667 0.057500 0.170000
2 0.121875 0.573333 0.200000 0.853333
2 0.339062 0.542222 0.228125 0.915556
2 0.591250 0.551667 0.186250 0.896667
2 0.774375 0.550000 0.248750 0.900000