0 0.153889 0.455595 0.058889 0.087034
0 0.275556 0.349023 0.066667 0.090586
0 0.404444 0.393428 0.051111 0.058615
0 0.585000 0.133215 0.054444 0.074600
0 0.668333 0.341030 0.054444 0.056838
0 0.803889 0.298401 0.063333 0.095915
1 0.919444 0.849911 0.056667 0.104796
1 0.762222 0.788632 0.051111 0.099467
1 0.537778 0.530195 0.040000 0.065719
1 0.535556 0.388099 0.035556 0.079929
1 0.526111 0.442274 0.041111 0.063943
1 0.529444 0.484014 0.038889 0.058615
1 0.495556 0.505329 0.040000 0.090586
1 0.453333 0.580817 0.037778 0.060391
1 0.041667 0.393428 0.043333 0.115453
1 0.351111 0.823268 0.042222 0.055062