0 0.262755 0.307692 0.086735 0.175824
0 0.461735 0.307692 0.071429 0.120879
0 0.696429 0.379121 0.045918 0.087912
0 0.913265 0.420330 0.071429 0.093407
3 0.468112 0.263736 0.079082 0.076923
3 0.910714 0.376374 0.086735 0.104396
3 0.464286 0.271978 0.122449 0.302198
3 0.918367 0.373626 0.102041 0.263736
1 0.371173 0.538462 0.160714 0.219780
1 0.451531 0.609890 0.102041 0.164835
1 0.478316 0.714286 0.084184 0.175824
2 0.200255 0.497253 0.400510 0.994505
2 0.465561 0.549451 0.211735 0.879121
2 0.746173 0.554945 0.507653 0.879121
2 0.936224 0.450549 0.127551 0.450549