3 0.273026 0.402367 0.101316 0.110454
3 0.512500 0.383629 0.119737 0.100592
3 0.811184 0.375740 0.069737 0.072978
0 0.242763 0.547337 0.130263 0.222880
0 0.505263 0.488166 0.107895 0.140039
0 0.772368 0.441815 0.063158 0.086785
3 0.256579 0.470414 0.223684 0.459566
3 0.517763 0.421105 0.182895 0.282051
3 0.795395 0.412229 0.111842 0.244576
1 0.651974 0.571992 0.143421 0.181460
1 0.848684 0.562130 0.086842 0.138067
1 0.882237 0.640039 0.059211 0.120316
2 0.160526 0.562130 0.321053 0.871795
2 0.490789 0.634122 0.339474 0.723866
2 0.731579 0.619329 0.244737 0.745562