1 0.112656 0.327131 0.054414 0.123816
1 0.246473 0.636333 0.038291 0.100812
1 0.308746 0.343031 0.050786 0.116373
1 0.423821 0.636333 0.026199 0.135995
1 0.504635 0.362314 0.052398 0.104871
1 0.622330 0.664750 0.031439 0.138701
1 0.654172 0.422869 0.044337 0.112314
1 0.791616 0.730041 0.039500 0.085250
0 0.149940 0.199256 0.054010 0.088633
0 0.354494 0.253045 0.060056 0.073072
0 0.551794 0.256428 0.054010 0.074425
0 0.737203 0.283153 0.068521 0.079161
3 0.148932 0.176590 0.097944 0.188092
3 0.352479 0.225981 0.091495 0.158322
3 0.551189 0.249323 0.090689 0.138701
3 0.737606 0.269621 0.093511 0.164411
2 0.149940 0.528417 0.242644 0.943166
2 0.345828 0.548376 0.188634 0.903248
2 0.542120 0.554804 0.201532 0.890392
2 0.718662 0.569350 0.215236 0.861299