1 0.950625 0.166680 0.092594 0.106984
2 0.836430 0.242805 0.094641 0.242797
2 0.637875 0.694453 0.286000 0.343625
2 0.345688 0.648164 0.133750 0.320984
2 0.273672 0.355977 0.121406 0.312766
2 0.212977 0.275734 0.090547 0.251031
1 0.792195 0.403305 0.150203 0.226328
1 0.846719 0.672852 0.123469 0.251016
1 0.420789 0.478414 0.086422 0.125516
1 0.344664 0.411539 0.106984 0.086422
1 0.687258 0.094664 0.076141 0.082297
1 0.297336 0.137867 0.094641 0.123453
1 0.190344 0.094656 0.078188 0.078187
0 0.947570 0.265102 0.093828 0.316047
0 0.836461 0.163875 0.128391 0.251844
0 0.856508 0.428070 0.286984 0.316047
0 0.700664 0.261406 0.162953 0.441969
0 0.187086 0.165109 0.133328 0.229625
0 0.282164 0.347836 0.150578 0.555578
0 0.395703 0.642891 0.234531 0.429625
0 0.698188 0.699672 0.395062 0.409875
