4 0.168445 0.671438 0.044359 0.034750
4 0.717023 0.695445 0.088734 0.045516
0 0.562125 0.481867 0.239562 0.572203
2 0.387328 0.544922 0.112844 0.063594
2 0.462828 0.443648 0.105594 0.141484
4 0.621102 0.678656 0.058734 0.034750
4 0.324945 0.667859 0.044359 0.034750
4 0.127102 0.633703 0.044359 0.059906
4 0.582703 0.773375 0.088719 0.045500
4 0.461617 0.735547 0.076766 0.068281
2 0.352523 0.430430 0.105578 0.141484
1 0.588680 0.264359 0.091078 0.065937
1 0.485641 0.333359 0.059969 0.039531
1 0.456203 0.350680 0.061031 0.050422
1 0.128938 0.330359 0.068375 0.047906
1 0.369305 0.335734 0.091078 0.065937
0 0.136336 0.501594 0.154609 0.412750
0 0.337320 0.488117 0.121453 0.356797
0 0.461664 0.424937 0.113234 0.213875
0 0.656398 0.494359 0.175328 0.439719
