2 0.714289 0.518289 0.121422 0.287891
0 0.205680 0.546219 0.205766 0.623469
0 0.418641 0.620297 0.170781 0.672844
0 0.595602 0.596633 0.146078 0.740734
0 0.708766 0.613086 0.104938 0.691359
2 0.599570 0.474023 0.125328 0.272953
4 0.127703 0.812664 0.099344 0.119047
4 0.254328 0.835500 0.101937 0.073375
4 0.346320 0.923164 0.077703 0.062984
4 0.420992 0.922078 0.062547 0.052156
4 0.589820 0.915586 0.110609 0.047828
4 0.691453 0.910172 0.123375 0.084625
1 0.216445 0.305188 0.086359 0.082469
1 0.414609 0.337664 0.088750 0.104109
1 0.590906 0.273813 0.082031 0.097188
1 0.704547 0.318078 0.097187 0.090906
2 0.212125 0.491344 0.121000 0.294156
2 0.392859 0.559523 0.188094 0.309734
